Unnamed: 0,avg_price
0,0.1032369645048424
1,0.1046435313770308
2,0.096307726180903
3,0.0892656093258311
4,0.0933745707443899
5,0.0952362477772075
6,0.0971216127142881
7,0.0986323625578163
8,0.0963227121456522
9,0.0961942734748759
10,0.0992388890178744
11,0.1044721359178431
12,0.103768280433428
13,0.1016726973079894
14,0.1010543279590866
15,0.1021316586935597
16,0.1074716532127308
17,0.1083627492568511
18,0.1107942757334035
19,0.1221754131278613
20,0.1216288198939317
21,0.1133966277473964
22,0.1164860565776321
23,0.1267553234278456
24,0.137001608396259
25,0.1447702755300988
26,0.152502267774189
27,0.146530342745734
28,0.1301099083509848
29,0.2351703039925863
30,0.2991987304814448
31,0.2162140155429346
32,0.2397280979262598
33,0.2800113919276293
34,0.2863440986878241
35,0.3103705194561813
36,0.314752333037805
37,0.3479735395306387
38,0.3758466088536664
39,0.4225714901878378
40,0.5143158598499541
41,0.516173251836799
42,0.5437483541615569
43,0.4782716778297351
44,0.4965164040919418
45,0.5298941774456666
46,0.5755183187222542
47,0.5448156899997165
48,0.5322040958061147
49,0.5060310094858621
50,0.5440954279993313
51,0.5440683099317164
52,0.5479119642706402
53,0.5782876280361569
54,0.6180357570105732
55,0.8248467830375953
56,1.0
57,0.927195508018418
58,0.9030714860242725
59,0.9899188158326704
60,0.9503605133315588
61,0.8997463073620318
62,0.8204512402962695
63,0.7741512228652235
64,0.7658967654922194
65,0.839434789293973
66,0.8062928019240057
67,0.7946831897061151
68,0.6297502773614296
69,0.5243553631730824
70,0.589375336540586
71,0.6013413029638068
72,0.644617315603997
73,0.6332602893019654
74,0.566007566679849
75,0.5303108838121412
76,0.5295296742099802
77,0.5344717889194988
78,0.4950928501491677
79,0.5315688967530788
80,0.5785616498147478
81,0.5441309502861444
82,0.4740154426772832
83,0.426540025439765
84,0.3890490162543771
85,0.3075759166748844
86,0.3248609074741809
87,0.3248664705909376
88,0.2706056841189056
89,0.2738833508719042
90,0.3075783452220312
91,0.2991683247309148
92,0.3054069858965202
93,0.326632964312245
94,0.3026413683145326
95,0.296817576155739
96,0.2976057779321719
97,0.2994833043186544
98,0.3083736837797468
99,0.3101194731796694
100,0.3175532007051742
101,0.3062618259859067
102,0.2871689711008594
103,0.274174338455344
104,0.2587770007864117
105,0.2404397983409943
106,0.232904892692765
107,0.2266977813743314
108,0.212397759979352
109,0.2128308877478123
110,0.2141832269910656
111,0.2175669289610825
112,0.2171432176608937
113,0.2181177966081164
114,0.2069017791539056
115,0.194082252838656
116,0.1878931153209972
117,0.1828237081639179
118,0.1659878284608886
119,0.1682242737005639
120,0.1797304238555935
121,0.1816520426208344
122,0.1832966496448851
123,0.1993464669046072
124,0.2313867232336542
125,0.2404309517944699
126,0.2083717094155745
127,0.1911665034077442
128,0.1627077416670379
129,0.138879413363894
130,0.1535637640410131
131,0.1605923239888512
132,0.1566413414761094
133,0.1540571163761967
134,0.1480104040044322
135,0.146387492285103
136,0.1502220151166289
137,0.1422833794545431
138,0.1319289156828383
139,0.1295009554703536
140,0.1211358971266323
141,0.1107810037870433
142,0.1124542982900875
143,0.1070430933245431
144,0.109897471965516
145,0.1245215938227645
146,0.124765488431978
147,0.1163845871143129
148,0.1115051233920907
149,0.112242799904372
150,0.1158611182426202
151,0.1185188441087638
152,0.1173329071296888
153,0.1227225677772433
154,0.1332621285223801
155,0.1476547728341544
156,0.1521783140455041
157,0.1752653974457255
158,0.1838008517590031
159,0.1793264046277161
160,0.1893279443574425
161,0.2023652445773484
162,0.2107273193381914
163,0.208773159742442
164,0.2073053688138989
165,0.2077947274437045
166,0.2223954421044161
167,0.2161373823336677
168,0.2061730916685855
169,0.2118909932173714
170,0.2163487424920937
171,0.2257795693891697
172,0.2231074359863189
173,0.2153296288387864
174,0.2200750907734755
175,0.2290234108611549
176,0.2317447872042262
177,0.2308662528308556
178,0.2242402745470848
179,0.2144690810256329
180,0.2050943276234495
181,0.1999738231538974
182,0.1947285866314998
183,0.1747196633475642
184,0.1701243417680938
185,0.1813667585080145
186,0.1911970410058426
187,0.186404917791385
188,0.1718668519913961
189,0.1656030844968805
190,0.1600147635889391
191,0.1622238058001258
192,0.1649242056203808
193,0.165882656632786
194,0.1563088176554791
195,0.1418150016007012
196,0.1365185316651152
197,0.1381687103122172
198,0.1351325117478589
199,0.1325077499003869
200,0.1236995752716128
201,0.1204019272322818
202,0.1228461578600207
203,0.1241586770110462
204,0.128870743232606
205,0.1330640445634616
206,0.1372044069690344
207,0.1316958665994118
208,0.1276310018127589
209,0.1282630748024797
210,0.1329475933885405
211,0.1298534520710215
212,0.1290419962113569
213,0.1168235672135509
214,0.1111206558826616
215,0.1074486819637991
216,0.0985598676609379
217,0.0981425764867003
218,0.0989715893386978
219,0.0964458726605456
220,0.0971089106896752
221,0.0972804528824471
222,0.0985358905426538
223,0.0972072434568109
224,0.0947565927031207
225,0.0853336086097904
226,0.0795256594249406
227,0.0745597122041484
228,0.0743808950028045
229,0.0741611178657382
230,0.0717297359961963
231,0.070522533280284
232,0.0702188436722314
233,0.0759768438943977
234,0.0807401392759986
235,0.0918682463006976
236,0.0981088958126973
237,0.093188901722637
238,0.0940316139623051
239,0.0929584215402205
240,0.092809859102675
241,0.0921623748334682
242,0.0893990433181905
243,0.0829828579080408
244,0.0796693711479134
245,0.0775478140515018
246,0.0759293192257136
247,0.076009237991322
248,0.0772528285095366
249,0.0815807121825409
250,0.0885123748004797
251,0.0935175658120314
252,0.0927828877686442
253,0.0869593826972979
254,0.0821856671046467
255,0.0830465041318212
256,0.0859301423001086
257,0.0863143248486642
258,0.0882711894461393
259,0.0879853375381458
260,0.0858084108427308
261,0.0865459448745752
262,0.0868442138463081
263,0.0844181101326492
264,0.0805166512678542
265,0.076750627501255
266,0.0751973483106259
267,0.071809652635231
268,0.069955112383696
269,0.068479185184239
270,0.0677355117341696
271,0.0650238431999645
272,0.0578494290061672
273,0.0551032206621909
274,0.0535739217797064
275,0.04818540310222
276,0.0468457658835796
277,0.0480151485498136
278,0.0451723257102381
279,0.0469836252757749
280,0.0446635578424211
281,0.0484113164676507
282,0.0491160268346868
283,0.0466581000091377
284,0.0451885950622055
285,0.0431967642769357
286,0.0421481188948824
287,0.0409149432712838
288,0.0426135014696907
289,0.0440252072071859
290,0.0441684914888484
291,0.0459279866561626
292,0.0482514799997209
293,0.0484368629973134
294,0.0458209519495131
295,0.0450173399568809
296,0.0474184681259112
297,0.0492166392888114
298,0.0500957446472161
299,0.0536419955298963
300,0.0492620214345091
301,0.0428576810397778
302,0.0434523624844176
303,0.0421686669131014
304,0.041398165672725
305,0.0401965313900035
306,0.0373347288803006
307,0.0345940879062284
308,0.0369812317267145
309,0.0374938518827595
310,0.0370090600699398
311,0.0367747275992952
312,0.0356216142850286
313,0.0347773305074082
314,0.0351019998281377
315,0.0355145817049527
316,0.0400518212406861
317,0.0410722119014905
318,0.0418487079530814
319,0.0417168412455269
320,0.0389920421821116
321,0.0382182585752543
322,0.0399806076044521
323,0.0403276825055134
324,0.0397655418913821
325,0.0403656450356286
326,0.0425786798889064
327,0.0459753656545493
328,0.0438856348598884
329,0.0448897572320123
330,0.0451375041294538
331,0.0451382175949247
332,0.0454723065737863
333,0.0467490067809698
334,0.0469589368185936
335,0.0453921017840176
336,0.0407462570669692
337,0.0373849638671446
338,0.0381364843741069
339,0.038432895783727
340,0.0396051323118446
341,0.0404068899322245
342,0.0399741864152141
343,0.0396062753451996
344,0.039102359255242
345,0.0395049483623171
346,0.0412533130429708
347,0.0423332148050275
348,0.0423002486597823
349,0.0416166572959994
350,0.0408437306983366
351,0.0402069494744801
352,0.0389071280949202
353,0.0383037436474798
354,0.0370160533074988
355,0.0363020657627674
356,0.0367947067590539
357,0.0373802535064351
358,0.0381379123683355
359,0.038556770827378
360,0.0388847225145884
361,0.039245357512744
362,0.0398745723874339
363,0.0409805916641874
364,0.0395152250296438
365,0.0381828670727228
366,0.038429473063383
367,0.0386598086387891
368,0.0438411086600985
369,0.0491425728539808
370,0.0428850819416927
371,0.0392940209616357
372,0.0392083934089734
373,0.0387644169248655
374,0.0384020721614682
375,0.0356206147953972
376,0.030754566563259
377,0.030686492813069
378,0.0324699650986674
379,0.0302165412947012
380,0.0267336580546487
381,0.0239188065703787
382,0.0246015414566105
383,0.026250863094518
384,0.0304286127920245
385,0.031335690037378
386,0.0291156630098281
387,0.0293561327721239
388,0.0299592322586907
389,0.0285500943589186
390,0.0290344587304279
391,0.0290801279635729
392,0.0271502325735549
393,0.025163398173155
394,0.0263070918292895
395,0.0270402025878718
396,0.0271689283460955
397,0.0258337154640041
398,0.0253275175604838
399,0.0241852508352911
400,0.0217638569506983
401,0.0193848488694828
402,0.0194066834647805
403,0.0215926013137303
404,0.0232726072833203
405,0.0247742234928769
406,0.0266127804166049
407,0.0279753942006112
408,0.0277226519815865
409,0.0278525197098783
410,0.0287855687996314
411,0.0272036074464429
412,0.0258048876311474
413,0.024012997303622
414,0.0233458188355302
415,0.024266739012278
416,0.0241532820531036
417,0.0232245137561759
418,0.0224983951718658
419,0.0233105687501486
420,0.022951076785348
421,0.0223632471611172
422,0.0224049194990237
423,0.0228344820667032
424,0.0228840025247895
425,0.022279475043994
426,0.0222203924473389
427,0.019861078033365
428,0.0182943860108692
429,0.0182976694406368
430,0.0175759746612323
431,0.0177085543026143
432,0.01820062484551
433,0.0176411940178952
434,0.0179745689996425
435,0.0179273319500492
436,0.018096017091077
437,0.0177706332415898
438,0.0172470234843906
439,0.017434975382993
440,0.0172685731188147
441,0.0172032107500715
442,0.0172149132850531
443,0.0168636995399598
444,0.0159823102414189
445,0.0139401019888683
446,0.012370128131535
447,0.0123591390620243
448,0.0103516104414646
449,0.0085816966580303
450,0.008797476899858
451,0.0082894224975119
452,0.0076249564741537
453,0.0067672577380929
454,0.0056289863132085
455,0.0062191009408625
456,0.0073857711623628
457,0.0082202078405407
458,0.0081768230791755
459,0.0079867313158038
460,0.0077102974710121
461,0.008250605084776
462,0.0090976002438431
463,0.0096364809266651
464,0.009138274155405
465,0.0092617190995285
466,0.0095963790634242
467,0.0101819263424489
468,0.0104101231163725
469,0.0103850050913071
470,0.0104166873176908
471,0.0116395857423193
472,0.0115829295662373
473,0.0099988267533493
474,0.0102778279042207
475,0.0103554637929795
476,0.0100206618802905
477,0.0098702434755625
478,0.0098666756165646
479,0.0099283276458731
480,0.0092892624818802
481,0.0088990883119707
482,0.0094209856457111
483,0.0095271633431661
484,0.0094132794743246
485,0.0108208479627181
486,0.0115929191461166
487,0.0108996247582583
488,0.011193039825558
489,0.0117755902306189
490,0.0127216279007887
491,0.0137969623142163
492,0.0140204492590738
493,0.0140263005265646
494,0.0139660759598414
495,0.0136332724947716
496,0.0138226507926723
497,0.0137167580560909
498,0.0134959830243236
499,0.0141212036619919
500,0.0145463429564094
501,0.0141875655203665
502,0.0135703354833147
503,0.0141127840251346
504,0.0147882391180036
505,0.0160770714280528
506,0.0165772766469322
507,0.0163851859042979
508,0.0173432110703229
509,0.0218910127658999
510,0.0264383854252363
511,0.0245858420263904
512,0.0248567100962083
513,0.0256137969097878
514,0.025840708701563
515,0.0272467067152911
516,0.0274430787823942
517,0.0269268902357078
518,0.0244955062395923
519,0.02264567528548
520,0.0234578467371892
521,0.0237013139050922
522,0.0233279800721842
523,0.0223297089675511
524,0.0224951128053849
525,0.0223225732495554
526,0.0219448150800983
527,0.02190685361327
528,0.021950667410876
529,0.0217173333665759
530,0.0219014308503765
531,0.0199545547694939
532,0.0188499640186124
533,0.0183042331103117
534,0.0190717380083678
535,0.0185752441922099
536,0.0174481043172729
537,0.0170556467388705
538,0.0173911626486739
539,0.0173666166719294
540,0.0175749757032443
541,0.0171506934180215
542,0.0160950526718356
543,0.0154659786826522
544,0.0154741128269925
545,0.0144046296810557
546,0.0134456055570428
547,0.0134563091340364
548,0.0173793176332555
549,0.0184542240737292
550,0.0180206646108111
551,0.0203952494187644
552,0.026301669066396
553,0.0381747308018088
554,0.038488698140475
555,0.0362703830047404
556,0.0373489992530053
557,0.037410794294394
558,0.0357303608834936
559,0.0329367746044175
560,0.0304306107080003
561,0.032843583892449
562,0.0335146157120558
563,0.0338114566895599
564,0.0368429427666351
565,0.0370386024315542
566,0.0371335050353381
567,0.037985067011391
568,0.0389980359300392
569,0.0399900283258711
570,0.0394106167435673
571,0.0379090005340108
572,0.0335298855743918
573,0.0325490268550811
574,0.0326777515500179
575,0.0342061966131684
576,0.0346767180532835
577,0.0328236047326903
578,0.032770373403526
579,0.0332908438063246
580,0.0338995095995085
581,0.0343380633207229
582,0.0341078691624669
583,0.0342226105721463
584,0.0352694015819474
585,0.0364218014307431
586,0.0357289339525518
587,0.0348501135550208
588,0.0346688699331037
589,0.0350684616345716
590,0.0370587240717497
591,0.0378155259244555
592,0.0371492034022714
593,0.0378111005246197
594,0.0413517851006828
595,0.03913489689589
596,0.0387524304922971
597,0.0407628113798102
598,0.0399123924371122
599,0.0373756866894493
600,0.0363475893256151
601,0.0371023943256319
602,0.0376709582555749
603,0.0365836368779356
604,0.0365281205453481
605,0.0365997626861793
606,0.0373998062881702
607,0.0375229657397767
608,0.0344823449654431
609,0.0308731602611665
610,0.0293128910228389
611,0.0283707072358274
612,0.0240934854593342
613,0.0234772570384874
614,0.0232502011713451
615,0.0215566393578081
616,0.023396767287845
617,0.0242982782265815
618,0.0244524069707441
619,0.0243717747396649
620,0.023760681462621
621,0.0231460219215094
622,0.0223866511677936
623,0.0233222712851302
624,0.0228647368305017
625,0.0224119106100089
626,0.0212492367521037
627,0.0214396156029227
628,0.0218529082869914
629,0.0227180298284952
630,0.0226730740608212
631,0.0220733983578852
632,0.0217998199699073
633,0.0215896049714099
634,0.022216539095824
635,0.0219292591936018
636,0.0217117670599587
637,0.0207946997030824
638,0.0189628494611094
639,0.0182946720350296
640,0.0195519640674886
641,0.0187470686876383
642,0.0174485322902268
643,0.0164399877081276
644,0.0158535844831952
645,0.0162027997806692
646,0.0163161137277634
647,0.0166116697231192
648,0.0175980952806905
649,0.0174904901206502
650,0.0166379291866093
651,0.0165017816862295
652,0.0171098770260228
653,0.0173808870446341
654,0.0169945662262395
655,0.0167909159607038
656,0.0162196401176707
657,0.0142079731847224
658,0.012731046495634
659,0.0132004264973243
660,0.0133341470454876
661,0.0130053394123696
662,0.0136726603608982
663,0.0136041586377544
664,0.013651538699428
665,0.0131937187522824
666,0.0123270293943303
667,0.0119190159294313
668,0.0123861125226288
669,0.0127112103479555
670,0.0118309624878393
671,0.0102440058130678
672,0.0096971334663423
673,0.0101179909046475
674,0.0115035812540196
675,0.0117476194069568
676,0.0109104708156888
677,0.0103908568904413
678,0.0120892710134812
679,0.0125592220002056
680,0.0121156729574081
681,0.0115696570882337
682,0.0110404810244174
683,0.0107644762158664
684,0.0089695874194469
685,0.0086310751673232
686,0.0093049608488135
687,0.0092483046727315
688,0.009147264245653
689,0.008852136223251
690,0.0085588631047447
691,0.0084919313246229
692,0.0076599205353748
693,0.0077054462247961
694,0.0077919286600793
695,0.0079340704400301
696,0.0080363947859703
697,0.0081023276081041
698,0.0086100970495766
699,0.0091912199920523
700,0.0090499346896525
701,0.0082020835846777
702,0.0078567205754318
703,0.0079052426071735
704,0.0076145383896771
705,0.0073019990452396
706,0.0067048922433136
707,0.0084038778830309
708,0.0092628610695967
709,0.0085126250131393
710,0.0085453056658675
711,0.0084950706790235
712,0.0080018592293465
713,0.0070496842675254
714,0.0069473604532287
715,0.0078848344111741
716,0.0088646947041403
717,0.0090061219553334
718,0.0095181727212747
719,0.0094314042618311
720,0.0089985582643838
721,0.0088422891238085
722,0.0088331554898369
723,0.009544004211811
724,0.0094492424935336
725,0.0092751340579689
726,0.0097740558896302
727,0.0100345042800413
728,0.0095301607487733
729,0.0085622879516623
730,0.0079379232599017
731,0.0082250596184001
732,0.0081815329082415
733,0.0081552739763948
734,0.0086571916187331
735,0.0083104016785454
736,0.0084949281985867
737,0.0093566232982427
738,0.0097320980592068
739,0.008871544929619
740,0.0082252031621238
741,0.0082959877621171
742,0.007728137297645
743,0.0061016492130231
744,0.0061361853012903
745,0.0058279272813216
746,0.0053773850009652
747,0.0058203641220154
748,0.0063317003591989
749,0.0064076227612121
750,0.0064939643109887
751,0.006521792654214
752,0.0060028921944375
753,0.0059054201580002
754,0.0055808933177075
755,0.005517956837894
756,0.0058703125530555
757,0.0060197325314389
758,0.0060153081948899
759,0.0061109253274315
760,0.005857896552603
761,0.0053004641726075
762,0.0054882730591297
763,0.0055757555156876
764,0.0057943906826857
765,0.0053218713265948
766,0.0053121661759457
767,0.0052058459980538
768,0.004117953103737
769,0.0038889003839057
770,0.0042483918170629
771,0.0040153429994581
772,0.0038470855655624
773,0.0040547316630499
774,0.0044594622298245
775,0.0040224789832756
776,0.0038566474383096
777,0.0037122225156876
778,0.0037433337570371
779,0.0040602969063802
780,0.0039922236878337
781,0.0036935278064339
782,0.0037630282217439
783,0.0038742015066037
784,0.003788573422298
785,0.0036347301706524
786,0.0037459031896905
787,0.0038553632536264
788,0.0042726528329337
789,0.0046324297586079
790,0.0046341416504234
791,0.0043599922774114
792,0.0039930796337414
793,0.0041005417817014
794,0.0043318773783822
795,0.0042910625813138
796,0.0049903517803865
797,0.0060552681093375
798,0.0060987948194961
799,0.0076636308748095
800,0.007651214874357
801,0.007160285769886
802,0.006567603304509
803,0.00690654406123
804,0.0081314414651212
805,0.0088258772914043
806,0.0079363538485231
807,0.007565016868304
808,0.0078457315059211
809,0.00827472362021
810,0.0086811671420869
811,0.0088098934319539
812,0.0089892821499754
813,0.0101520990199609
814,0.0123729830567054
815,0.0129394065902357
816,0.0128997326999486
817,0.0124643183331348
818,0.015712298649152
819,0.0197070923012826
820,0.0194063985039069
821,0.0187236636176751
822,0.0205361056849235
823,0.0221891387255525
824,0.0248725509435784
825,0.0279414275024478
826,0.0257161212557279
827,0.0255430107148643
828,0.0257565091431294
829,0.0231891211903576
830,0.0218673232667066
831,0.0211537626316423
832,0.0211330700064127
833,0.0190787312459268
834,0.0199081731341649
835,0.0199018933620769
836,0.0200720070289767
837,0.0193697209559401
838,0.0161783962843615
839,0.0128270921327729
840,0.0136132928033695
841,0.0139659334794046
842,0.0137074814100391
843,0.0134748613628533
844,0.0147118887430365
845,0.0160040023562797
846,0.0156920339968763
847,0.0160406793726031
848,0.0165749937700827
849,0.0166793160319987
850,0.0136386941943783
851,0.0113924087666249
852,0.0111900429515942
853,0.0106274727695788
854,0.0067930884311641
855,0.0041039674260842
856,0.0046074550114445
857,0.0048325116335024
858,0.0045644984888548
859,0.0042389726905742
860,0.0041787478580292
861,0.0068126398837906
862,0.0083125420749581
863,0.0075623054868573
864,0.006805076192841
865,0.0070820794277365
866,0.0084556822812535
867,0.0075800023014099
868,0.0074691147748888
869,0.0076480755199564
870,0.0066933321887688
871,0.0069270947376661
872,0.0062830358470204
873,0.0063566753721841
874,0.0061314760038677
875,0.0067384288419494
876,0.0066690717045414
877,0.0077315621445626
878,0.0071433034840912
879,0.007476392441678
880,0.0080241212659546
881,0.0078012053061311
882,0.0079119503522154
883,0.0070471153665154
884,0.0062945953699218
885,0.0063462572877075
886,0.0063943513464953
887,0.0068996938357513
888,0.0063676639100514
889,0.0065279294142218
890,0.0068641593211395
891,0.006968909024366
892,0.0068667276905061
893,0.0061832804020903
894,0.0056097206189207
895,0.0057925352471467
896,0.0061528820945682
897,0.0071996746992995
898,0.0078081985436901
899,0.0078872608317473
900,0.0080578019399575
901,0.0083168233994268
902,0.0092465922492727
903,0.0094635139295251
904,0.0090970303220959
905,0.0097442285671422
906,0.0097288162243693
907,0.008953318599123
908,0.0086417792759602
909,0.0088856733535303
910,0.0090577838731192
911,0.0090776210840844
912,0.0091873666405374
913,0.00748838100082
914,0.0068237714337381
915,0.0069803260668305
916,0.0074651189429371
917,0.0076272393510032
918,0.0074505625460719
919,0.007617820756158
920,0.007743407159981
921,0.0077967815012255
922,0.0079453444704144
923,0.0079142332290649
924,0.0075030809414088
925,0.0079531936538811
926,0.0086036747970517
927,0.0081985151940364
928,0.0077690951067936
929,0.0086140918182415
930,0.0087097089507831
931,0.0087720749772059
932,0.0090031250813696
933,0.0093502010457178
934,0.0097817615293732
935,0.0100964418018668
936,0.0102153204606479
937,0.0111092687717216
938,0.0119589753122355
939,0.0118546525186761
940,0.0117571804822388
941,0.0116771192361937
942,0.0116027667772026
943,0.0115746524098168
944,0.0124213620763669
945,0.0112758135163367
946,0.0103832926678483
947,0.011136098156959
948,0.0108242728096358
949,0.009878520631983
950,0.0101663704559524
951,0.0107249453376595
952,0.0110841512782996
953,0.0109120407587108
954,0.0108121423017004
955,0.0108969128451681
956,0.0109699813852977
957,0.0112318583015808
958,0.010676566317998
959,0.0096347685032063
960,0.0095143199014032
961,0.0091230032297821
962,0.0088564175477198
963,0.0092812708179767
964,0.0098003142898335
965,0.0100108137175611
966,0.0100520580825137
967,0.0100072463902067
968,0.0101246991813328
969,0.0099654321035069
970,0.0102043319227807
971,0.0103830071753312
972,0.0112154459375332
973,0.0123872534294101
974,0.0115820730886862
975,0.0116589949803307
976,0.011585355455167
977,0.0118837663756932
978,0.0119344288038476
979,0.0117935720060451
980,0.0110962812545917
981,0.0110180754440856
982,0.0134154927420377
983,0.014978046452145
984,0.01405155996878
985,0.0136185725541828
986,0.0141567392398905
987,0.0140830997147268
988,0.0141269124490459
989,0.0143088700680773
990,0.0138494801779097
991,0.0133228730151033
992,0.0141222031516233
993,0.0147194524339862
994,0.0148067918784639
995,0.0151515839026757
996,0.0163253893105284
997,0.0173310810940309
998,0.0171018858937627
999,0.0172856978850463
1000,0.017415852169142
1001,0.0194220963391968
1002,0.0209977784519406
1003,0.0213086059045627
1004,0.0215226731912882
1005,0.0214988406800146
1006,0.0206739650771188
1007,0.0200317616220121
1008,0.0203986742656821
1009,0.0209100115661524
1010,0.0214050795146554
1011,0.0226269784496526
1012,0.0272856676717507
1013,0.0290478742205117
1014,0.0269163286075076
1015,0.0268953499581176
1016,0.0289551120131405
1017,0.0299746456647504
1018,0.0374410490581925
1019,0.0397712485518624
1020,0.0386806448077423
1021,0.0396532269022759
1022,0.0390803811162207
1023,0.0426945622053672
1024,0.058097745825356
1025,0.0645240654223955
1026,0.0630140311709119
1027,0.0718817222173726
1028,0.0741020352690831
1029,0.0714973993149539
1030,0.0637732594441909
1031,0.0560419806655716
1032,0.0551116429572654
1033,0.0604092516730591
1034,0.0594517980237115
1035,0.0571177441152399
1036,0.0592090464478531
1037,0.0601860496890751
1038,0.0596879848666084
1039,0.0552292361022547
1040,0.0546221397204493
1041,0.0544297656118715
1042,0.0514690625398594
1043,0.0476356774252544
1044,0.0460053354574742
1045,0.0502590080886372
1046,0.0497356816973814
1047,0.0482727425466977
1048,0.0465342260287735
1049,0.0464591601043114
1050,0.0460909619468496
1051,0.0492467526354599
1052,0.0534551834747884
1053,0.0548985740968844
1054,0.0544130666920201
1055,0.0531961625469626
1056,0.0519665553140053
1057,0.0516655770873994
1058,0.0517160980984038
1059,0.0510556257804236
1060,0.0511132814461369
1061,0.0541658886530389
1062,0.0536594057886451
1063,0.0519492875356934
1064,0.0527274965423865
1065,0.0534744491690762
1066,0.0544822824122782
1067,0.054530661963583
1068,0.0547919678948321
1069,0.0551146382362989
1070,0.0542378168180306
1071,0.0522701045681948
1072,0.0502327480935037
1073,0.0503218004930836
1074,0.0504261238182864
1075,0.0496985793663213
1076,0.0488464453419475
1077,0.0462612175625429
1078,0.0466702310487165
1079,0.0477155961908627
1080,0.0464648688913654
1081,0.0455239695548589
1082,0.0436053492585121
1083,0.0413826108495153
1084,0.0390967929486249
1085,0.0401074789904235
1086,0.0403577958521619
1087,0.0407600999983634
1088,0.0411945154071892
1089,0.0419517457644924
1090,0.0416778824156409
1091,0.0412535980038444
1092,0.0422414510240008
1093,0.0501652453283478
1094,0.0547361655380841
1095,0.0551996948039271
1096,0.0570135632704738
1097,0.0585983806121196
1098,0.0611833213040769
1099,0.0600684565440858
1100,0.0603037874410749
1101,0.0626309905924245
1102,0.062255373882667
1103,0.0620190434960465
1104,0.0617496044837441
1105,0.0601663554901901
1106,0.0549258303917888
1107,0.0530518809022424
1108,0.059800156311991
1109,0.0609412810671156
1110,0.0646482243636333
1111,0.074370617272191
1112,0.0861253745237173
1113,0.0816475014822258
1114,0.079818935201664
1115,0.0868790343638055
1116,0.0867237668394352
1117,0.0897004511126806
1118,0.0921588064428269
1119,0.0962024076192162
1120,0.1048433293543385
1121,0.1208394825271516
1122,0.130605691359889
1123,0.1287778332283638
1124,0.1233674810188665
1125,0.1140699413805657
1126,0.106323966914505
1127,0.1104399205073359
1128,0.1048628810727867
1129,0.1184777416926046
1130,0.1331364054861979
1131,0.1270487331787111
1132,0.1258844915043575
1133,0.127625864010739
1134,0.139223780073369
1135,0.1505258472051183
1136,0.1584804704481584
1137,0.1528454925135959
1138,0.1473499370028863
1139,0.1413998476330158
1140,0.1292821799494923
1141,0.1209890465809022
1142,0.1295536200676312
1143,0.1238990819083257
1144,0.1181339512845978
1145,0.1190998240391592
1146,0.1139015422636984
1147,0.1042378023839117
1148,0.09703398724565
1149,0.1103231843715412
1150,0.1062947095137642
1151,0.1021570627427856
1152,0.1025623642945943
1153,0.1023413048335967
1154,0.1214873963642425
1155,0.1316810209885257
1156,0.1229023844682186
1157,0.1206214194084744
1158,0.1214848253366589
1159,0.1100538857131018
1160,0.1079451731217399
1161,0.1107236330822036
1162,0.1153195267099948
1163,0.1104843042266891
1164,0.1098566566368042
1165,0.1122767676658222
1166,0.1163060931530726
1167,0.1241147249861508
1168,0.1220559592308987
1169,0.1140319799137374
1170,0.1063286751486408
1171,0.1085033179039195
1172,0.1089034859068556
1173,0.1108716234714282
1174,0.118836233104487
1175,0.1219454986140446
1176,0.1182867945149687
1177,0.1199850656259283
1178,0.1175827965501167
1179,0.1183164793570199
1180,0.1278139573264914
1181,0.1385604507036448
1182,0.1441808743679158
1183,0.1415853784274793
1184,0.1422449905464044
1185,0.1447933998923357
1186,0.1515936211174568
1187,0.1688106721407055
1188,0.1718928302155166
1189,0.1866022850949722
1190,0.2045614465366327
1191,0.2117355747062695
1192,0.2113394067884325
1193,0.2029901850389339
1194,0.1963840476876323
1195,0.2030566915043189
1196,0.2060113955119693
1197,0.2229380331266728
1198,0.2567911552427748
1199,0.280515172980158
1200,0.2925021116730477
1201,0.3401041110825163
1202,0.3320299020949453
1203,0.2904527751455093
1204,0.2799289106407321
1205,0.2724794804951467
1206,0.3026026901923729
1207,0.3193820540731833
1208,0.3474680529660157
1209,0.3906880771742606
1210,0.4405256499281941
1211,0.4082670497727436
1212,0.3866217875832396
1213,0.4098695591441511
1214,0.4004490078511149
1215,0.3859189209555874
1216,0.3882957923618941
1217,0.3506285497621881
1218,0.3254436056761129
1219,0.2543654917298685
1220,0.1977185534839738
1221,0.1839522680584322
1222,0.1866923412373308
1223,0.2044601195537502
1224,0.208728633542652
1225,0.2029592178729514
1226,0.2037043225071099
1227,0.2013721219076036
1228,0.1954137559129561
1229,0.19841327108127
1230,0.1956369568336531
1231,0.1891098769856179
1232,0.1772351022951029
1233,0.1812112038961969
1234,0.1857117653523201
1235,0.1918204078029022
1236,0.2000574570437313
1237,0.2089749503192913
1238,0.2051863827450709
1239,0.2029126926938987
1240,0.2033608128068294
1241,0.212121896587951
1242,0.2149565810300389
1243,0.2279480833590919
1244,0.2417406149570381
1245,0.2286640666932253
1246,0.2137897683281016
1247,0.2199145344603538
1248,0.2207862255196101
1249,0.2322225900326344
1250,0.2308444214254185
1251,0.2248185494757546
1252,0.2246955314412981
1253,0.229995425160515
1254,0.2361564451209274
1255,0.255920616786455
1256,0.2300724921908134
1257,0.2086204547393606
1258,0.1955292075982458
1259,0.194522657742262
1260,0.173439249079442
1261,0.1448603252927364
1262,0.1443842428624384
1263,0.1408095958413593
1264,0.1519598256120901
1265,0.173927616725911
1266,0.1779361102973555
1267,0.1761905973520118
1268,0.1810834776276046
1269,0.1839979383548639
1270,0.1814095706894153
1271,0.1835783696202111
1272,0.1725237548554482
1273,0.1810809087265946
1274,0.2027532847305662
1275,0.2102967519644462
1276,0.2081723388795773
1277,0.1996885432942249
1278,0.1871237592405495
1279,0.1819217687205842
1280,0.1725340262063406
1281,0.1592387002950929
1282,0.1652809808873005
1283,0.161829492254541
1284,0.1570988780573116
1285,0.1470068611236372
1286,0.1465802959615648
1287,0.1174356652966604
1288,0.1025647928417412
1289,0.1058401714014561
1290,0.0988475718146099
1291,0.0841639399193959
1292,0.085532404970893
1293,0.0921519546224179
1294,0.1000995856911858
1295,0.1040930954244548
1296,0.0947718636287436
1297,0.087355550615135
1298,0.0868621961533777
1299,0.0917950326219141
1300,0.094062013333114
1301,0.0945395269475012
1302,0.0994391165630662
1303,0.0965791662990418
1304,0.0909830004607812
1305,0.0907185567700618
1306,0.0882753277585278
1307,0.0801207683108907
1308,0.0812688841770006
1309,0.0836261996117117
1310,0.0809279476308773
1311,0.0764477927758232
1312,0.0772539683530311
1313,0.0812536153779514
1314,0.0844462234367481
1315,0.082440838934105
1316,0.0790447177737752
1317,0.0746090912450847
1318,0.0710444306140243
1319,0.0667810544271425
1320,0.0566283854854343
1321,0.0424539488993477
1322,0.0446097544649359
1323,0.0501228605882574
1324,0.0493016969197265
1325,0.0460434394047393
1326,0.0480354126704459
1327,0.0507400911569525
1328,0.0561271807769235
1329,0.0590690445326714
1330,0.0600063744152498
1331,0.0587843345947461
1332,0.061140509122676
1333,0.0627580087119801
1334,0.0613939626805978
1335,0.0608974693960833
1336,0.0612957766470463
1337,0.0578731179737171
1338,0.0547445867698717
1339,0.0552191040419385
1340,0.0547774104346801
1341,0.0545366567747975
1342,0.0525061510572285
1343,0.0506153601673938
1344,0.0531721864919653
1345,0.0612025880616515
1346,0.0716495322697144
1347,0.0716077153247975
1348,0.0649345079660846
1349,0.0577324047196383
1350,0.0611061149832021
1351,0.0659720207349036
1352,0.066879240460694
1353,0.0681752063621653
1354,0.0693106265833833
1355,0.073906375604164
1356,0.074717552882676
1357,0.0770353374391803
1358,0.0788472058631775
1359,0.0814107436542949
1360,0.0846884061541462
1361,0.0850850036398674
1362,0.082079776494639
1363,0.0799038471622817
1364,0.0787578706292977
1365,0.0801558737892617
1366,0.0825560056585212
1367,0.0876730820912951
1368,0.0886196944680029
1369,0.0874356118611801
1370,0.0911943584926336
1371,0.0963047298385826
1372,0.0951374918219087
1373,0.096670073070874
1374,0.1033959471534382
1375,0.1074448243591368
1376,0.1102117242650558
1377,0.1026462788921544
1378,0.0954029350022594
1379,0.0963394078756432
1380,0.1015793662421578
1381,0.1033748238970377
1382,0.1019815289712093
1383,0.1048381936788923
1384,0.103224117873219
1385,0.1006911261864947
1386,0.0990936078835229
1387,0.0957665642161617
1388,0.0982747260285547
1389,0.096424037001961
1390,0.0948440735647484
1391,0.0942249918136615
1392,0.0969563566733253
1393,0.1007667641592777
1394,0.1022454006136078
1395,0.1069984203911689
1396,0.1167733354165674
1397,0.1201988458252064
1398,0.1042179657045899
1399,0.0907596591862209
1400,0.0930227844193323
1401,0.0909600270852758
1402,0.0882467870131185
1403,0.0901243070198798
1404,0.0882968763296651
1405,0.0883992028021789
1406,0.0916988455676252
1407,0.0932969337923442
1408,0.0915445732797389
1409,0.0900715020687391
1410,0.0887856671642971
1411,0.0797975248578162
1412,0.0702759294161974
1413,0.0708169467739282
1414,0.0767297892057281
1415,0.0732390546556354
1416,0.0698008400958097
1417,0.0682612645459986
1418,0.0682996534541373
1419,0.0644988027903196
1420,0.063634544106088
1421,0.0667152646170888
1422,0.0725476162349595
1423,0.0765419808508493
1424,0.0773440244953898
1425,0.0758937841794585
1426,0.0791342018678129
1427,0.0821434227184194
1428,0.0833382083705924
1429,0.0858396629695869
1430,0.0886609351114515
1431,0.0869030114820895
1432,0.0873120239049764
1433,0.0850080833431532
1434,0.0841351120865392
1435,0.0864079430019432
1436,0.0851469400984061
1437,0.0840109520820146
1438,0.081571008626822
1439,0.0806336744910962
1440,0.0807997917944009
1441,0.0824519694207657
1442,0.0851410877676285
1443,0.0847230841912068
1444,0.084756339550473
1445,0.0842471421147719
1446,0.0835928102783035
1447,0.0848155625009913
1448,0.0777638824440636
1449,0.0756254871372242
1450,0.0808179165819074
1451,0.0866428485841955
1452,0.0920216615793893
1453,0.0949297021806975
1454,0.1022175722703825
1455,0.1072307570724113
1456,0.1021466425317353
1457,0.1070933251215265
1458,0.1104728887791548
1459,0.1105177020663921
1460,0.1042470806248938
1461,0.1025927615388296
1462,0.096999594169463
1463,0.0954213447506395
1464,0.0941116773349239
1465,0.0945506595607355
1466,0.0948375088317868
1467,0.0961841382246992
1468,0.0909189246691167
1469,0.0912966828385737
1470,0.0892787366651808
1471,0.0838990687873661
1472,0.0867565883776699
1473,0.0889586341614371
1474,0.0858422339971706
1475,0.0840835937124772
1476,0.0832621450830727
1477,0.0834309737678241
1478,0.0816730480118885
1479,0.0786805186381256
1480,0.0783599886930715
1481,0.0821290109285648
1482,0.0835181696685782
1483,0.0830687693582899
1484,0.0813916193771571
1485,0.0786679633470969
1486,0.0656135293230212
1487,0.060252268003726
1488,0.0595222992577615
1489,0.063877009657786
1490,0.0664217081326392
1491,0.0641722801606247
1492,0.0610992620995063
1493,0.0607023839060589
1494,0.062227832626889
1495,0.0585043328909565
1496,0.0561217569507431
1497,0.0585000499715575
1498,0.0587311053921555
1499,0.0575755645940289
1500,0.0589427441317341
1501,0.0595708212895032
1502,0.0573386621590875
1503,0.05745597140649
1504,0.0593828662010402
1505,0.0621319262803264
1506,0.0640641056104807
1507,0.0631918510091982
1508,0.0646799081849473
1509,0.0654365664939295
1510,0.0613276050753707
1511,0.0573931768754699
1512,0.0567191497768296
1513,0.056304427503602
1514,0.0564649795635763
1515,0.0588325684757537
1516,0.0586209276096013
1517,0.0573911778962072
1518,0.0590061075212146
1519,0.0571672645733261
1520,0.0534409131020837
1521,0.0515068815262509
1522,0.0511346886001242
1523,0.0496105243297991
1524,0.0498053269855236
1525,0.0521968940792718
1526,0.0523036416984741
1527,0.0521923261989992
1528,0.0533134728576519
1529,0.0533047666649907
1530,0.052049329004784
1531,0.0504067156435618
1532,0.0495595769407711
1533,0.0494576810994282
1534,0.0441309574633305
1535,0.0394243161312379
1536,0.0402163691326122
1537,0.0397798133273737
1538,0.0406302322700716
1539,0.0412862802515028
1540,0.0408355954907096
1541,0.0414675249367067
1542,0.0438435350806716
1543,0.0443150549471312
1544,0.0433242066479412
1545,0.0449124477732177
1546,0.0444148114553482
1547,0.0432612706997711
1548,0.0458363642922859
1549,0.0490442443399924
1550,0.0496820239901935
1551,0.0508418434545717
1552,0.0522575460873055
1553,0.0531900263185981
1554,0.0524297996189746
1555,0.0491618385482685
1556,0.0471668678769547
1557,0.0476597948974016
1558,0.0477692549613374
1559,0.0490538064785613
1560,0.0507336678411408
1561,0.0481501530168385
1562,0.0445383983482651
1563,0.0438640862887512
1564,0.0425328692386115
1565,0.0403923324720725
1566,0.0397996489434087
1567,0.0410047091363346
1568,0.0378894498788494
1569,0.0398871308683232
1570,0.0426585975912279
1571,0.0429475904485523
1572,0.0445459636341449
1573,0.0471083562653337
1574,0.0469068474594975
1575,0.0449713868261491
1576,0.0420883217694695
1577,0.040546603696672
1578,0.0406486441450253
1579,0.0395860101612805
1580,0.0393698003515686
1581,0.0415331712030367
1582,0.0414889299641203
1583,0.0395917189483344
1584,0.0390377103519697
1585,0.0382761992018412
1586,0.038457586367482
1587,0.0389566496162933
1588,0.0404337187858185
1589,0.0414531099569915
1590,0.0418126019217921
1591,0.0429936860597209
1592,0.0425240205655135
1593,0.0443811307813452
1594,0.0470468472481054
1595,0.0472484995976653
1596,0.0484307246423753
1597,0.047224523542668
1598,0.0470676834170586
1599,0.0502183352403622
1600,0.051448227434193
1601,0.052576506620981
1602,0.0549285428365224
1603,0.0545103957163771
1604,0.0540745544398963
1605,0.0557345801864409
1606,0.0552894617322648
1607,0.0537126360545225
1608,0.0521339581311018
1609,0.047838898122906
1610,0.0454999934998617
1611,0.0449782375832713
1612,0.04471521869692
1613,0.045153344976824
1614,0.0418880952875646
1615,0.0407578171215139
1616,0.0427360899362631
1617,0.042847405435738
1618,0.0424790669244131
1619,0.043015948096329
1620,0.042143979519207
1621,0.0405520264595655
1622,0.0422077703499979
1623,0.0430667540682071
1624,0.0423674654007777
1625,0.041460960203745
1626,0.0398658672580595
1627,0.0394625646855135
1628,0.039257628906186
1629,0.0379673717917687
1630,0.0371008238509665
1631,0.038690349426748
1632,0.0378661872893231
1633,0.0359883844482618
1634,0.0361703415356497
1635,0.0373919560414167
1636,0.0366773975116513
1637,0.0367604561633037
1638,0.035372582937082
1639,0.0328120436148587
1640,0.0320011544870808
1641,0.0301136470270138
1642,0.0242441898882226
1643,0.0199902322961859
1644,0.0165139121941649
1645,0.0108618057718668
1646,0.0142596345708647
1647,0.0180496349241046
1648,0.0207369015569322
1649,0.0211119478132991
1650,0.0198609355529282
1651,0.0183558955597408
1652,0.0165564399463356
1653,0.0165415985885968
1654,0.0158587217535717
1655,0.0191530837049179
1656,0.0182841109384728
1657,0.0163530757049603
1658,0.0154518502587409
1659,0.0138434869616255
1660,0.0124824425889979
1661,0.012675674770057
